   3.5133929e-01   4.2107416e-01  -2.1183619e-01  -1.1246725e-01  -3.5373678e-01  -1.4438506e-01  -1.2879781e-02   2.0702096e-01   1.0591462e-01   5.3926526e-02  -1.5478593e-02  -2.3415222e-01   5.7072164e-02
  -3.4923346e-01   4.1439802e-02   3.1208261e-01   1.2045127e-01   1.0314358e-01   6.2474407e-02   1.9031648e-01   1.7409950e-01  -6.1479074e-01   2.6406689e-02   8.3290406e-01   5.4849027e-01  -7.7013176e-01
  -2.4963647e-01   2.9062192e-01   2.6352855e-01  -2.1695648e-01   2.9271141e-01  -2.8789504e-01  -1.2547864e-01  -1.2171722e-01  -7.3337915e-02   5.5302157e-01  -7.2153380e-01   7.8537259e-02   4.3281694e-01
  -9.3667979e-02  -1.7047719e-01  -2.7160156e-01   2.4001970e-01   3.9536718e-01   4.9654120e-02  -1.4256626e-05   3.2371138e-01  -5.7148184e-03  -7.5822385e-02  -1.8497983e-02  -4.3286477e-01   9.5195479e-02
   4.6476653e-01  -4.0790589e-01   1.0939069e-01  -5.7290309e-02   1.9367429e-02  -1.2177855e-02  -3.7640415e-02  -6.3939286e-02   4.3629247e-02  -1.2626197e-02   3.4458468e-02  -4.7677602e-02   9.6476183e-03
   3.9723265e-02   4.7748387e-03  -7.7123294e-02  -1.7189674e-01  -1.1285025e-01  -4.3048019e-02  -8.5666171e-04   2.8813538e-01   5.0623787e-01  -9.3081859e-02   9.9458676e-02  -4.3215469e-01   3.4182802e-03
   3.6027270e-02  -6.1434618e-02  -1.1547182e-01   1.0360177e-01  -9.1808412e-02   1.4794047e-01  -2.2014892e-03  -9.9268543e-03   5.4696598e-03  -4.0164082e-01  -6.7011223e-03  -8.9869550e-02   5.2216127e-01
  -1.5319859e-03  -4.0480447e-02   1.9587405e-02  -1.0447248e-01   1.0629900e-01   1.8301533e-01   4.0125071e-03   2.3966181e-02   3.8240643e-02  -3.7747562e-01  -1.6721740e-01   1.9631104e-01   1.4214267e-01
  -1.2202043e-01   4.9555356e-02   1.4932527e-01  -6.3991457e-02   1.4586701e-01  -6.4008344e-02  -2.2004459e-02   5.3495740e-01  -3.2723357e-01  -7.0606819e-02  -2.9478055e-02  -3.6253407e-01   1.8043942e-01
   6.5409066e-02  -1.0485878e-01  -3.6011502e-02  -1.2804817e-02   7.0566783e-02  -1.4501791e-01   2.5461560e-01   2.3375524e-02   1.8965942e-02  -4.9716112e-03  -1.2459363e-01  -4.1262583e-02   8.7004857e-02
  -8.9529635e-02   4.3431523e-02   1.9244680e-01  -1.2694266e-01   4.8325355e-02   4.7431572e-02   1.6121754e-02  -2.8252496e-01   3.6700584e-01  -1.3924026e-01   3.3641026e-02  -1.4903512e-01   7.1550676e-02
  -1.1329184e-01   7.3255977e-02  -2.1255173e-02   3.5176231e-01  -2.9589894e-01   4.7266200e-02  -2.1293687e-03  -3.2750975e-02   3.2064614e-02   2.0537271e-02  -5.5860262e-02  -2.4389944e-02   3.1132645e-02
   4.7778803e-02  -1.1728645e-01  -2.3531288e-03  -4.5350238e-02  -1.5678430e-01   3.3127564e-01  -3.7268314e-02   1.0397126e-01  -3.3106922e-02   7.8296436e-03  -3.7609041e-02  -7.8963589e-02   2.3848724e-02
