  -4.3217485e-01   2.2169038e-01   5.5555119e-02   3.5233125e-01   1.8245477e-02  -5.9896049e-03   3.9533230e-01   1.2672970e-01  -5.8562877e-01  -7.4250242e-01   6.8025534e-01   5.2156651e-01   3.5901657e-01
   4.3731889e-01   2.4764080e-01  -1.0260190e-01  -3.3303285e-01  -1.2483735e-01  -1.2673210e-01  -1.6949343e-02   3.9442851e-03   1.9753913e-01   1.5555339e-01  -4.1838774e-02  -1.3738933e-01  -1.4707770e-01
   3.3348707e-01  -3.3517391e-01   2.2658497e-01  -3.8768343e-02   5.1944775e-02  -9.8049733e-03  -1.7949129e-01  -5.6036115e-02   9.9849669e-03   8.7358373e-03   8.0139810e-02  -7.7832759e-02  -1.4750432e-03
   1.4548020e-02   4.9030240e-02  -7.6668361e-02   1.6696446e-01  -1.8795835e-01   4.8738310e-02  -5.9155818e-03  -1.3645366e-01  -2.3972237e-01   3.1700678e-02   5.9009361e-02   4.7406039e-01  -2.0091716e-01
  -1.1203952e-01   6.4047561e-02   2.5885583e-02   1.0847355e-01   4.7432408e-02  -1.8397334e-02   2.9352692e-03  -8.3574626e-02  -1.2021726e-01   5.9333653e-01  -9.4791140e-01   2.7167779e-01   1.7964729e-01
   1.7746412e-01  -1.3900217e-03  -8.3719746e-02  -3.0505927e-01  -9.0752734e-02  -1.2824407e-01  -3.8753424e-02   8.6141854e-03   1.4838143e-01   4.0261379e-01   4.5593399e-02  -7.0561216e-02  -5.9031377e-02
  -1.2896824e-04   5.8584040e-02  -1.0455820e-02   1.0018114e-01  -2.6596930e-01   1.1437221e-01  -4.4137090e-02   8.5726708e-02  -1.8584597e-01  -1.5097174e-01  -2.8496208e-01  -4.9742087e-02   6.2926497e-01
   1.1093825e-03  -1.3318787e-03  -3.3392384e-02   2.5048442e-02  -5.3187015e-02   5.0884915e-02  -2.4785401e-03   2.1668633e-01  -2.5461909e-01   1.3909676e-01  -2.1422592e-03   1.9955169e-01  -2.8722127e-01
  -5.8479731e-02   6.3875066e-02   3.2224246e-01  -3.4389711e-01   8.8527044e-02  -1.5232493e-02   6.2445556e-03  -6.2438985e-02   4.4762211e-03   8.2861567e-02  -7.8662211e-02   6.4678337e-02  -7.1550697e-02
   1.0308958e-01  -1.5464412e-01  -4.8975121e-02  -2.6446846e-02   2.0660674e-02  -8.6907079e-02   2.9261620e-01  -9.0301686e-03   6.7135808e-02   4.4075404e-02  -1.3017822e-01  -4.1401544e-02  -1.8498647e-02
   1.1999103e-01  -4.0797292e-02  -7.1025000e-02  -1.8243922e-01   2.8754858e-01  -1.5198089e-01   9.4794969e-03  -1.2186358e-01  -8.1118492e-02  -1.4655328e-01   4.6314885e-02   1.8611191e-01   1.4123079e-01
   1.6899268e-02   1.7578745e-02  -3.5357327e-02  -7.9551482e-02  -3.2968125e-02   3.4453768e-02   1.1002113e-02   6.9536770e-03   3.5053805e-01  -2.3865063e-01  -8.4553078e-02   2.9641000e-02   3.5421570e-03
   1.2969094e-01  -1.5686391e-01   4.0657111e-04  -2.3019678e-01   1.7622067e-02   3.3638941e-01  -3.4108755e-02  -5.0045752e-02   9.8924425e-03  -5.6283232e-02  -4.4254106e-02   7.1666802e-02   9.6419379e-03
